@ @@ WELLF= 22.7400 T0= 3.57 K1= 0.317 E=.083 NSMO= 2  p8425ho1.crv        
           2
2 ho1
      10.0000      40
      358561.
      0.00000      31.0000
         121
       1.0    1150.3
       2.0    1369.8
       3.0    1326.2
       4.0    1175.0
       5.0    1275.4
       6.0    1323.2
       7.0    1128.9
       8.0    1179.4
       9.0    1374.2
      10.0    1369.2
      11.0    1410.1
      12.0    1623.7
      13.0    1777.6
      14.0    1833.5
      15.0    2798.9
      16.0    8149.7
      17.0   24765.7
      18.0   61961.8
      19.0  124474.8
      20.0  202106.4
      21.0  275908.9
      22.0  331623.9
      23.0  358560.6
      24.0  353702.6
      25.0  329640.3
      26.0  304456.8
      27.0  286505.2
      28.0  272753.4
      29.0  258259.9
      30.0  242757.4
      31.0  228856.8
      32.0  217811.8
      33.0  207032.8
      34.0  193004.5
      35.0  176838.2
      36.0  158186.0
      37.0  136380.6
      38.0  118278.4
      39.0  104075.8
      40.0   89265.6
      41.0   78112.4
      42.0   71520.0
      43.0   64950.8
      44.0   59816.5
      45.0   59018.9
      46.0   58598.2
      47.0   55046.3
      48.0   52193.8
      49.0   52478.0
      50.0   53360.9
      51.0   53280.0
      52.0   52268.0
      53.0   51932.4
      54.0   53903.9
      55.0   55562.6
      56.0   54462.0
      57.0   53176.7
      58.0   54730.6
      59.0   57068.8
      60.0   56380.7
      61.0   53550.1
      62.0   51234.4
      63.0   50022.3
      64.0   48880.1
      65.0   47066.6
      66.0   47027.5
      67.0   49350.2
      68.0   50195.9
      69.0   48542.4
      70.0   46957.6
      71.0   46767.1
      72.0   47267.1
      73.0   47473.1
      74.0   47282.5
      75.0   47021.5
      76.0   46217.4
      77.0   44994.4
      78.0   44754.7
      79.0   44557.8
      80.0   43188.7
      81.0   43093.9
      82.0   43988.4
      83.0   42484.0
      84.0   40070.6
      85.0   40130.2
      86.0   43054.1
      87.0   45129.8
      88.0   42094.1
      89.0   38570.8
      90.0   41265.0
      91.0   46532.6
      92.0   47871.4
      93.0   45069.6
      94.0   41593.7
      95.0   40601.5
      96.0   41684.7
      97.0   42295.8
      98.0   42235.6
      99.0   42354.2
     100.0   43494.0
     101.0   44503.3
     102.0   42005.1
     103.0   38158.3
     104.0   39596.3
     105.0   45935.1
     106.0   49581.9
     107.0   47028.5
     108.0   41535.2
     109.0   37888.2
     110.0   38047.4
     111.0   39283.7
     112.0   38489.2
     113.0   37116.6
     114.0   39321.3
     115.0   39964.5
     116.0   26052.3
     117.0    3097.9
     118.0       0.0
     119.0       0.0
     120.0       0.0
     150.0   32470.7
2 ho2
      10.0000      40
      373739.
      0.00000      28.4000
         121
       1.0    1258.6
       2.0    1213.5
       3.0    1269.6
       4.0    1328.1
       5.0    1252.4
       6.0    1260.3
       7.0    1384.2
       8.0    1289.5
       9.0    1231.7
      10.0    1533.4
      11.0    1727.7
      12.0    1667.6
      13.0    1676.3
      14.0    1727.9
      15.0    1805.8
      16.0    1754.1
      17.0    1514.2
      18.0    1513.6
      19.0    1635.4
      20.0    1637.5
      21.0    1901.0
      22.0    2728.9
      23.0    4639.5
      24.0    9919.2
      25.0   23239.0
      26.0   49434.7
      27.0   89279.7
      28.0  140087.4
      29.0  197390.9
      30.0  252235.7
      31.0  297073.1
      32.0  328029.7
      33.0  345663.3
      34.0  360331.0
      35.0  372883.8
      36.0  373738.8
      37.0  367363.3
      38.0  363545.5
      39.0  360491.1
      40.0  348613.3
      41.0  325171.8
      42.0  299288.6
      43.0  278405.2
      44.0  257645.3
      45.0  231239.9
      46.0  203876.9
      47.0  179875.1
      48.0  161700.9
      49.0  149853.8
      50.0  137830.6
      51.0  123753.2
      52.0  110479.2
      53.0   97918.8
      54.0   87105.5
      55.0   80608.8
      56.0   77322.9
      57.0   74852.7
      58.0   73981.5
      59.0   73910.0
      60.0   73007.4
      61.0   72530.9
      62.0   70627.9
      63.0   64909.0
      64.0   60988.6
      65.0   62713.1
      66.0   64704.4
      67.0   63863.1
      68.0   61130.6
      69.0   58792.1
      70.0   60579.2
      71.0   63064.5
      72.0   61559.5
      73.0   59079.2
      74.0   58043.4
      75.0   57659.5
      76.0   57477.3
      77.0   57304.6
      78.0   56422.8
      79.0   54677.2
      80.0   54075.0
      81.0   55236.8
      82.0   55832.9
      83.0   54740.9
      84.0   52812.3
      85.0   51748.1
      86.0   52627.8
      87.0   54175.4
      88.0   55159.8
      89.0   55485.8
      90.0   54062.3
      91.0   50380.8
      92.0   47869.5
      93.0   49577.0
      94.0   51457.8
      95.0   48810.4
      96.0   45203.9
      97.0   46401.6
      98.0   51629.2
      99.0   55157.9
     100.0   53741.4
     101.0   50252.8
     102.0   48337.5
     103.0   48855.7
     104.0   50221.7
     105.0   48892.9
     106.0   46320.6
     107.0   47195.1
     108.0   49616.1
     109.0   49811.5
     110.0   47596.8
     111.0   45068.4
     112.0   46576.0
     113.0   51241.6
     114.0   52092.0
     115.0   44070.5
     116.0   24275.8
     117.0     766.5
     118.0       0.0
     119.0       0.0
     120.0       0.0
     149.0   38514.1
