0.00776667754401934
0.00213136453604366
-0.00202043786769248
-0.00337869141671135
-0.00159943301079473
0.000394119998806895
-0.000443642453489127
-0.00487841323972728
-0.00308907685295006
-0.00233705396457632
-0.00147117275067894
-0.000222003412384085
0.00144020413471397
0.00481023970213468
0.00976886105537492
0.0168517779822358
0.0227456093577633
0.0269550532740475
0.0310087341042452
0.0321440124732153
0.0319662353945673
0.0298907050112026
0.0260000959190151
0.0224773517076435
0.0185648042300272
0.0157387317503770
0.0130525099087212
0.0119594694261407
0.0116775376809754
0.0114474021107476
0.0111004014545026
0.0103165368413030
0.00825637860112573
0.00641308012123274
0.00433636112739041
0.00288989126767780
0.00144392359652248
0.00159910197402234
0.00115860536339597
0.000215522677800611
0.000795198742167918
0.000530490330114598
0.000816513757230380
0.000447015154977385
0.000914311692579102
0.000918051190730847
-2.71050005385294e-05
-8.92192380152131e-05
-0.00147481520310206
-0.00117594461800611
-0.00101922057277260
-0.00144760797359759
-0.00119351158959674
-0.00115240947777914
-0.000384341577162182
-0.000820613281989654
-0.000356147794907290
-0.000964139259831439
-0.00153443596345146
-0.00253536932863930
-0.00385052171075396
-0.00417547745889052
-0.00261304057072416
-0.00186446425803794
-5.10138709026884e-07
0.000612643003889618
0.000224601098740855
-0.000266915482604351
0.000683720925094736
0.000563145542700460
-5.72091670783613e-05
0.000125950288015033
-0.000702158384635691
-0.000856366889892015
-0.00143865177708047
0.000203105821769774
0.00119876871816574
0.000978155984458366
0.00184597297798678
0.00213342011870457
0.00243413479915020
0.00326499945240559
0.00305217489757814
0.00343147879384386
0.00266558045261184
0.00351780173649515
0.00230744071961784
0.00213178077678612
0.00286298702902322
0.00348912529385678
0.00323507658138531
0.00256607180905448
0.00243420057978362
0.00179813747744600
0.000909267903931667
0.00212250035411320
0.00257630071943874
0.00273063267624261
0.00218080034520593
0.00174403823945557
0.00122431241109297
0.000605793344474245
